[[ 6.61789532e-01  1.93308264e-01 -2.43651571e-01 -9.71835904e-01]
 [-2.15957462e-05  2.67213237e-07 -7.79341722e-02 -4.72328227e-10]
 [-2.95778707e-02 -1.71754738e-02 -6.84312319e-02  2.53600010e-04]
 [-3.69483033e-02  4.04865041e-02  1.87932358e-08 -8.33019428e-21]
 [ 2.67090214e-01  2.15613914e-01  5.60125629e-01  3.27258472e-01]
 [ 2.42379561e-02 -3.44965656e-01  8.59571178e-01  5.05032730e-01]
 [-1.29474956e-01  2.07235973e-01 -7.59309027e-02  2.66899103e-01]
 [-1.08777268e-02 -1.43120053e-01  8.71593085e-03 -5.09355613e-02]
 [-4.67943233e-05  5.49409865e-08 -3.31113563e-03  5.10306799e-02]
 [-2.93887939e-02  6.72487592e-01 -1.30876922e-01 -6.54093462e-01]
 [-1.05008716e-05 -5.44469595e-02 -4.13629001e-02  3.01618735e-20]]
[ 0.83110527 -0.2675421   0.25013289 -0.17583978  0.69406312  0.03074471
 -0.40259586  0.22874974 -0.59688418  0.60360492 -0.2321642 ]
[[ 1.03647188e+00 -1.61221201e-03  5.04583077e-03 -2.41312893e-02
  -4.73332951e-01 -7.27213389e-01  1.06564217e-04 -4.63917650e-12
  -2.66759711e-03  1.11814187e+00 -1.06859505e-07]
 [ 1.36014203e+00  7.67943448e-20 -6.86947703e-05 -1.90224324e-03
   1.24629094e-01 -1.07192815e+00 -3.13131904e-03 -4.97114486e-02
   1.61499819e-03  6.54182478e-01  1.32527626e-02]
 [-5.98598597e-05 -2.77747327e-02  3.73060580e-08 -2.54776843e-05
  -1.88879150e-02 -1.31618897e-02 -2.66029432e-03  3.13155542e-02
  -4.90655427e-03  1.61974286e-02 -2.54862773e-02]
 [-1.90202137e-01  1.61282455e-02  2.05960290e-02 -2.63331688e-02
   8.10473659e-01  5.52046056e-01 -1.58791148e-02 -8.40179458e-02
  -1.11752676e-15 -5.21671204e-01 -5.81032509e-04]
 [ 2.95543950e-14 -4.27965893e-05 -2.46197881e-02  1.74937993e-21
   1.50491945e-19 -8.24193811e-13 -1.12428701e-07  3.66655267e-02
  -1.31672837e-06 -1.84196544e-02 -1.60949396e-02]
 [ 1.25081580e-06  1.97679287e-02  1.77745412e-10  4.84430749e-11
  -1.17879043e-04 -3.66732841e-02 -3.46704229e-19  2.50227202e-02
   1.42766161e-02 -1.99980564e-08  3.28066331e-05]
 [ 4.65839181e-01 -1.07365353e-06 -9.83131756e-05  1.46996272e-02
  -5.53447316e-02  1.18448978e-01 -1.59855527e-04  3.05862742e-02
  -3.70487562e-04 -1.31318265e-01  1.26603582e-02]
 [-3.50296114e-02  1.12109073e-20  3.23072840e-03  3.84248466e-03
  -8.91903734e-03  5.72866750e-20 -4.27939868e-03 -1.68394261e-03
  -4.82393922e-04  1.65967808e-08 -2.46244282e-02]
 [ 4.60961172e-01 -8.00702139e-03  1.31228287e-04 -9.66711101e-19
   2.88549383e-01 -6.19316802e-01  1.10842718e-02 -1.81550091e-01
   1.13295512e-21  5.44723758e-01  2.93568540e-02]
 [-6.08217799e-01  9.59958359e-07 -1.72514547e-05  7.18970091e-13
   2.15520745e-01  8.25981484e-02 -2.48912106e-02  2.38429879e-02
  -1.26106603e-02 -1.99706521e-01 -1.93957225e-02]
 [ 8.34064744e-01  5.16183520e-03  2.88540532e-02  6.95806289e-06
   6.80306162e-01  9.62075196e-02  2.16800799e-17  1.73220866e-01
  -1.63974868e-05 -1.76609459e-01  3.69712443e-05]]
[ 0.70548259  1.0936649  -0.41191422 -0.46569978 -0.37807174 -0.12833452
  0.19729241  0.02866904 -0.18129286 -0.29864119  0.17565304]
[[ 5.85256104e-01  1.04240111e+00 -6.71554650e-02  9.68054036e-02
  -3.81489246e-03 -5.73993021e-17  9.67459903e-02  6.03527315e-02
   6.45044065e-01  1.29623127e-01 -4.41393549e-01]
 [-1.25192517e+00  1.43092774e+00 -2.68473662e-20  7.89688374e-02
  -3.59098273e-02  1.42454253e-17  6.47890405e-01  7.35578006e-02
   7.40910094e-02 -2.45068784e-01  2.82891718e-01]
 [-1.89301639e-01 -3.90194577e-01  1.29162756e-21  9.57432058e-01
  -1.49367884e-02 -6.09140040e-02 -1.32929138e-01 -8.91491554e-11
  -9.47705286e-01 -2.84127762e-01  3.55276444e-02]]
[ 0.56807036 -0.42593494  0.51162648]
