[[-2.65486726e-02 -6.06949067e-02 -7.36727432e-03 -1.96747501e-02]
 [-1.91852457e-01 -1.80830080e-01  2.54231149e-01 -1.46725192e-01]
 [ 5.55283520e-01  4.50622153e-01 -6.91102479e-01 -1.01650859e+00]
 [ 1.11728101e-14 -4.02953344e-03 -6.36053214e-16  5.00605922e-04]
 [-1.42812784e-02  3.97655204e-08  1.49540037e-03 -1.46176642e-03]
 [ 6.41887511e-01  2.15561123e-01 -7.59062648e-01 -7.55563762e-01]
 [-4.39850431e-01  4.09774736e-01  1.21663230e-01 -4.10368998e-01]
 [ 3.42180273e-23  3.11059711e-24  4.84056417e-20 -1.40341939e-04]
 [ 4.95043888e-01  9.69012827e-02  2.51555763e-01  1.37608299e-01]
 [-1.69576335e-02 -2.94603192e-01  5.70895392e-01  2.95589799e-01]
 [ 5.62434849e-01  3.17096979e-01 -6.04023181e-01 -7.07462439e-01]
 [ 4.50845277e-01 -3.94845262e-01  3.18081708e-01  6.18541352e-01]
 [ 6.13329067e-01 -5.98717182e-01  4.80057409e-01  5.34002498e-02]
 [-2.18218306e-02  2.35693712e-02 -1.84439966e-03 -9.26068896e-08]]
[ 0.07057612  0.34828777  0.92920156 -0.23582245 -0.2090053   0.96296155
  0.36044192 -0.07655641  0.7153586   0.51453849  0.85611939 -0.55185069
 -0.89071237 -0.57646058]
[[-7.63920691e-12  2.11536973e-02  1.23094445e+00 -7.49857694e-11
   2.68474361e-02  8.36674854e-01 -3.87018688e-01 -4.35840668e-05
   3.51549409e-01  1.20152647e-01  6.98624512e-01 -4.59224952e-01
   3.52557550e-01  3.24424569e-24]
 [ 3.05815882e-07 -4.26684521e-02  3.79308102e-01 -9.34070706e-04
   1.12622532e-02  2.84050918e-01 -2.94669946e-01 -9.02629080e-04
   4.72616127e-01 -3.05381974e-01 -2.44859211e-01  4.58179955e-02
  -5.03115268e-01  7.97249719e-09]
 [-4.25170535e-13  5.31730503e-03 -9.36465757e-01 -6.43126014e-15
   3.08552865e-06 -6.72566688e-01  2.82853068e-01  3.18339125e-02
   6.12507913e-01  8.36598120e-01  3.06951866e-01  4.66707965e-01
   1.06720591e+00 -2.33923954e-02]
 [ 5.06119780e-03  4.88753447e-04  1.18122836e+00  1.18821533e-02
   3.11403421e-02  8.68644843e-01 -1.61758850e-01 -4.61666232e-06
   4.70255490e-01  3.72352711e-01  6.87107122e-01 -6.12348248e-01
   3.86228103e-01  2.27885106e-02]
 [-8.01155734e-06  3.14898317e-06  7.60971828e-01  3.07334954e-06
  -3.54197188e-02  9.51824057e-01 -1.03453682e-01 -1.43327423e-06
   3.09779090e-01  1.90604591e-01  6.79224771e-01 -2.15692502e-01
  -6.62562471e-01 -3.60004971e-21]]
[ 0.44204694  0.43917008 -0.05113572 -0.30913165  0.54606113]
[[-0.08956119  1.16326914 -0.43253668 -0.41748793  1.13938506]
 [-0.13534772  0.03083203  0.50046122 -0.32885941  0.85759295]
 [-0.8686532   0.36867314  1.18607676 -0.69985503 -0.64062838]]
[-0.03441234  0.37488997 -0.13059273]
