[[ 9.87205460e-01  4.10135141e-01 -2.77052254e-01 -3.52748725e-01]
 [-2.25284900e-05 -8.83188768e-02 -5.27400049e-02 -7.13915659e-02]
 [-7.36876174e-02  7.00505515e-07 -4.23471354e-10 -2.27783943e-01]
 [ 1.60414814e-01  4.85113452e-01  8.80729130e-01  1.16884766e+00]
 [-4.84351860e-02 -2.09386517e-01  2.93092140e-01 -1.45685970e-01]]
[ 0.46293614  0.09245264 -0.0796598  -0.37763066 -0.79381184]
[[-3.02480449e-01  5.56847812e-02  8.66467696e-02  3.78051068e-01
  -3.79157094e-01]
 [ 3.01426220e-03  2.84187661e-02  2.41543912e-05 -9.14770932e-02
   9.54542408e-14]
 [-3.60436009e-02 -2.53850177e-03  1.58164801e-19 -9.04558699e-02
   7.89707836e-02]
 [ 2.03999411e-01  4.96910800e-02 -1.92919019e-15 -2.93461070e-01
   3.67724724e-02]
 [-4.64538186e-01  5.43547190e-02  9.12598366e-02  6.34049257e-01
   8.23828454e-04]
 [ 6.96685044e-01  3.10831740e-03 -9.90147441e-02 -4.31390172e-01
   1.47421834e-01]
 [ 8.20988834e-01  1.79623574e-04 -6.83088696e-02  1.90434543e-02
   3.17113280e-01]
 [-2.75466802e-02  7.71499803e-06  5.70223269e-02  1.12582173e-17
   1.75900811e-02]
 [ 5.90982537e-01  2.35618922e-04  2.36770678e-02 -4.24640095e-01
  -9.32052665e-02]
 [ 1.97467262e-02  2.23149264e-05 -2.77937911e-02  5.23315866e-01
  -5.24957592e-01]
 [-4.02857389e-02 -1.19609692e-15  1.85313046e-10 -6.67706990e-03
  -4.03263763e-04]]
[ 0.58566798 -0.26765037  0.28915248  0.55100665 -0.36907013  0.30180974
  0.60969582 -0.24921212  0.58981307 -0.6239042   0.06855736]
[[ 1.49122058e-01  6.59161250e-02 -8.88729946e-04 -4.34217555e-01
   7.60368980e-01  4.40076473e-02 -1.03367673e-01 -2.08175149e-02
  -1.95679289e-01  5.21892599e-01 -1.62658374e-03]
 [ 6.74433484e-02 -7.81955514e-03 -2.91540891e-02  3.93954264e-01
  -7.67815718e-01 -7.45384727e-02  7.68701743e-01 -4.35344810e-07
   9.83273544e-01 -2.40046230e-01  3.41947291e-02]
 [-9.17811072e-03 -1.24044128e-09 -9.56035469e-06  3.31026996e-04
   1.12214708e-02 -1.93195879e-02 -3.11462301e-03  2.44562126e-02
   1.20647770e-08 -2.23119696e-03 -4.19682565e-14]
 [ 1.34510069e-01  3.28361417e-03 -3.44735899e-02  4.40476014e-01
  -7.32099289e-01  7.45137729e-01  7.19724731e-01  1.90073512e-02
   8.17197200e-01 -4.71038321e-01  1.61747940e-02]
 [-3.66476142e-01 -7.33799598e-02 -4.22262953e-06 -3.48864160e-01
   6.00450721e-01 -6.91040461e-02  7.41830513e-02  4.98761569e-02
  -5.72180814e-01  6.68188360e-01 -6.78335994e-02]
 [-3.34262429e-02 -1.02926675e-03 -2.43502317e-04  5.29509268e-01
   6.60111394e-01  3.04836620e-01 -1.93979641e-01  3.01351672e-02
   6.23283156e-03  5.83113272e-01 -3.99693586e-02]
 [ 4.04964015e-01 -9.62357746e-03  3.61010075e-02  3.45822418e-02
   8.88866084e-01 -6.61789208e-01 -2.57964544e-01 -8.41763055e-04
  -2.67640777e-01  5.87754856e-01 -3.61218184e-10]
 [ 4.91699000e-01 -1.57750317e-12  7.71360690e-04 -4.76585636e-01
   6.40491638e-01 -1.03296221e-01  2.01876563e-01  5.28187474e-02
  -6.31233857e-01  2.47845463e-01 -8.19446877e-14]]
[ 0.30982023  0.02007238 -0.17750629 -0.20139792  0.3758421   0.16327949
 -0.36989909  0.42023366]
[[-5.78612364e-01  1.11549718e-01 -8.42929806e-02  5.92223150e-01
  -1.14758403e+00 -6.11877182e-01 -7.47610101e-01 -6.76637135e-01]
 [ 6.34559289e-03 -1.52190626e-01 -1.15475934e-09  1.29778869e-01
   7.32568140e-01 -7.33335740e-01 -5.44972269e-01  4.32786701e-01]
 [-1.39561591e-02 -1.17602658e+00  7.41377967e-04 -9.62387752e-01
   1.18639418e+00 -1.43393535e-01  3.93936830e-01  5.08881706e-01]]
[ 0.31224709  0.56136398 -0.73958347]
