[[-1.71556816e-01  3.10727074e-01  7.56293955e-01  7.89795128e-01]
 [ 5.73825287e-02  2.19937521e-01  5.13732508e-01  7.51587738e-01]
 [-7.41784027e-02  5.63836252e-01 -2.07259018e-01 -8.23603814e-01]
 [ 6.73684890e-01  3.77805140e-01 -8.18143211e-01 -7.06669498e-01]
 [ 1.22508998e-01  7.71657097e-01 -7.60904566e-01 -3.13320947e-01]
 [-1.16796963e-01  2.22381090e-01 -1.09549416e-01  3.29259151e-02]
 [ 2.25111219e-01  8.46864207e-01  3.30603203e-01 -1.39024510e-01]
 [-1.28257400e-01 -4.17278927e-02  2.95907510e-02 -6.47476884e-02]
 [ 5.17781595e-01  7.14588404e-01 -2.60175307e-01 -5.85083438e-01]
 [-1.28917545e-01 -9.54430252e-14  2.01707647e-11 -3.38019611e-04]
 [-3.78469464e-02 -1.37379595e-01 -1.45574385e-03 -1.33317293e-11]
 [ 2.62653793e-01 -2.52361716e-01  6.04565681e-01  3.51988298e-03]
 [ 5.12711968e-02 -1.98998529e-01 -2.01046447e-01 -7.02838141e-02]
 [-2.57971287e-02 -3.37700397e-03 -7.28067566e-02  4.82666834e-17]]
[-0.22568746 -0.14101189  0.5979604   0.58770029  0.55284119 -0.17661575
  0.32137793 -0.37204362  0.55706909 -0.25504968 -0.42760616 -0.51917638
  0.50112523 -0.08423891]
[[ 1.38360834e-01 -2.42104116e-01 -2.61195064e-02 -5.30375166e-02
   5.20495260e-02  2.68625116e-01 -5.89566640e-02  5.06094629e-07
  -4.59673294e-01 -1.44654177e-04 -1.64309634e-02  4.67296033e-01
  -2.46718756e-01  2.07806847e-08]
 [-4.92560065e-01  1.91595282e-01 -5.59539808e-02  4.22526160e-01
  -9.58045999e-02 -4.87995976e-01 -1.05440418e-01  3.04011023e-05
  -2.39042236e-01  3.74689450e-14 -3.65245845e-16  4.38292926e-01
   4.80585606e-01  2.74627763e-03]
 [-1.01353301e-01 -3.77626960e-01  7.98402012e-01  4.08649602e-01
   8.79073835e-01 -2.95493954e-01 -3.05432165e-02 -7.23462790e-02
   5.87812378e-01  2.00960762e-14 -2.20533260e-04 -2.44227997e-01
  -1.30476952e-02 -8.85959630e-03]
 [-1.08817813e-02  4.91938516e-04 -1.29217989e-02 -7.90037327e-02
  -8.69773935e-03  2.65391609e-04  3.64895748e-02 -4.43568312e-02
  -1.49427815e-06  1.35839602e-03 -7.36146329e-02 -7.59748910e-04
   2.41779546e-03  9.04636675e-02]
 [ 4.43049145e-01  3.17862014e-01 -7.64156516e-01 -6.84645940e-01
  -4.15412874e-01 -4.16818536e-01  5.81193618e-01 -9.19568898e-02
   3.70333382e-03 -5.31238632e-02 -1.69223718e-03  4.70619905e-01
   1.70419969e-01  7.69700020e-02]
 [ 2.75342020e-01  5.21542922e-01  1.02596739e+00 -2.09122749e-01
   5.59178166e-01 -2.20549501e-01  5.12265303e-02 -1.07755034e-08
  -7.25398340e-01 -9.37512141e-09 -6.62994598e-02 -4.51618691e-02
   4.05296639e-01 -3.84402587e-09]
 [-2.46099790e-01 -3.16937998e-01  6.03343802e-01  4.47311702e-01
   2.46341945e-01 -2.44904438e-09  3.62585645e-01  9.98394437e-03
   3.64785883e-01  1.26774894e-02  9.49591913e-02 -2.20276937e-01
  -1.13244035e-03 -2.28539591e-15]
 [-2.69809609e-01 -1.79022416e-01 -4.04262824e-01  7.58482023e-01
  -2.55594950e-01 -5.29270839e-01  4.86080861e-01 -3.12755785e-04
   6.97817118e-01  1.43097456e-16  2.11414213e-03 -5.10017565e-01
  -3.94029132e-01 -6.13101582e-08]]
[ 0.36893798 -0.00717679 -0.28024426 -0.51298856  0.3894243   0.05995578
  0.4010976   0.73446557]
[[ 2.99041554e-01 -7.00398855e-02  2.20618638e-01  5.95147033e-02
  -8.98727058e-01 -2.40867458e-02  1.00639315e+00  3.31245711e-02]
 [ 2.63274761e-01  3.01131937e-02 -8.51296930e-01  2.37708491e-11
  -2.96949255e-01 -8.32381552e-01  6.17753510e-01  6.20893575e-01]
 [-5.76558246e-01 -6.71215647e-01  1.53674246e-01 -1.20091959e-02
   9.59759852e-02  9.07755922e-01 -1.04569752e+00 -8.15199600e-01]]
[ 0.08713667 -0.20414916 -0.19217671]
