[[ 0.65628172 -0.84605322  0.69985471  0.08002024]
 [-0.03017504 -0.01968689 -0.24274831 -0.17626822]
 [ 0.76267114  0.35619117 -0.73312044 -0.48809409]
 [ 1.02944894 -0.456995   -0.33691538 -0.6101194 ]
 [ 0.17143052  0.44166642 -0.64270056 -0.46037945]]
[-0.13004847  0.39228437 -0.16577535  0.66756805  0.67148371]
[[ 7.61278183e-01  1.89092370e-20  4.37162195e-02 -7.43747273e-01
  -9.19702400e-02]
 [ 4.23193201e-01  5.08597316e-03  2.94787772e-01  4.40539687e-02
   5.71682249e-01]
 [-3.57421317e-01  2.22435135e-03  5.39812901e-01  3.88739362e-03
   7.82024398e-01]
 [-8.70926473e-02  8.06867297e-04  5.53063979e-01  3.38930640e-01
   5.17807050e-01]
 [ 1.10071578e+00  6.87155225e-03 -6.83254456e-01 -2.47042545e-01
   3.59197931e-01]
 [ 1.30635463e-01 -6.97695004e-08  3.21742519e-01  7.84060547e-01
  -6.90158476e-01]
 [-7.55295096e-01  9.83409027e-07  1.13364870e+00  1.04858015e+00
   3.39540163e-01]
 [ 3.97264423e-01  6.61651619e-02  4.62130593e-01  1.88311868e-01
  -5.88271538e-01]
 [ 6.16924773e-01  9.90101625e-03  2.66690914e-02  4.89194535e-01
  -7.28875819e-01]
 [ 5.02634079e-01  2.85642206e-05  1.48723027e-01  3.18844768e-01
  -6.54402477e-01]
 [-1.86050479e-01  2.44855567e-05  2.51016526e-01 -3.77331932e-01
  -5.15351303e-03]]
[-0.01442934 -0.55482536  0.34290503  0.34317138 -0.29692933  0.15181906
  0.56455688  0.02969077 -0.56549796 -0.28071055  0.27419704]
[[-0.29592445  0.34568928  0.34611148  0.52801053 -0.82535917  0.06498118
   0.95701372 -0.52274173 -0.6897826  -0.5914387   0.00130882]
 [-0.28205564 -0.56715744 -0.56419377 -0.15582918 -0.46767543  0.42281211
   0.64307706  0.56894426  0.2002023  -0.17526138  0.07361643]
 [ 0.95008881  0.11780747  0.39317313  0.08553521  0.76758582 -0.41823828
  -1.05795645 -0.51134334  0.36824097 -0.20920812  0.02214579]]
[0.29486404 0.00100853 0.17031146]
