[[-2.58377931e-01 -3.85607751e-02  7.34454866e-01  9.52619219e-01]
 [ 6.24067525e-01  8.36133477e-02 -9.41537762e-01  2.27339887e-01]
 [ 9.91778223e-01  9.34507541e-02 -8.19911927e-01 -2.33853293e-01]
 [ 2.58854519e-05 -9.04147665e-02 -9.52979397e-03 -1.31042801e-11]
 [-4.01224279e-01  4.46320201e-01 -2.60954601e-01  2.21081119e-01]
 [-6.14726106e-02 -1.77696996e-02 -1.60696613e-01 -3.95961156e-03]
 [ 6.06283085e-01  1.30125215e-01  4.06911355e-01  9.52335955e-01]
 [-1.80018145e-09 -4.06396133e-04  2.32388331e-02 -1.36739453e-01]]
[-1.13617478  0.45380468 -0.05656561 -0.21147387  0.44329572  0.42133415
 -0.03740499 -0.43412829]
[[ 3.05797479e-01  7.78774618e-01 -8.26601551e-02 -1.09398506e-15
   1.97233562e-03 -4.89591359e-04  2.59861523e-01 -4.72746589e-02]
 [-4.25790092e-01  5.10998450e-01  5.23971311e-01 -1.36437986e-07
   4.72516176e-02 -1.00469153e-03 -3.17376038e-01  5.56956555e-02]
 [-2.67719616e-01 -4.41734101e-02  9.36413695e-03 -1.15457858e-11
   7.48095535e-05 -1.00767755e-15  1.44898606e-01  4.85239246e-03]
 [-7.00587295e-01  5.55125566e-01 -1.69171177e-01 -1.84225522e-02
  -2.59123001e-02  5.95191798e-05  2.05036103e-01  6.03791739e-08]
 [-6.45282867e-01  8.42357680e-01  4.48424940e-01 -7.60929834e-03
   3.43999632e-07 -2.57754424e-02  3.91971026e-02 -5.50282364e-06]
 [ 4.40808969e-01 -6.82459927e-01  3.73807613e-02  4.24777008e-02
   7.64282455e-04  3.86318728e-02  4.15929073e-01 -6.95593107e-05]
 [-5.53042549e-01  5.74293467e-01  5.23539366e-01  2.07240561e-05
   9.85019473e-07  2.41642903e-02 -4.76752446e-02 -4.88462266e-03]
 [ 6.51767086e-02 -1.31230240e-02 -1.85904162e-02  1.49022956e-04
  -2.06080445e-04  2.07404464e-16 -6.59723815e-02 -9.48435737e-03]
 [-2.63125804e-01  2.80541284e-01  7.22986575e-01  5.80651814e-16
   2.76798227e-03 -2.30076259e-03 -3.46757237e-01 -9.77847257e-06]
 [-1.21611529e-01 -2.30518053e-01  8.79437309e-01  1.65376297e-03
   6.93849891e-02  6.64584454e-02 -1.06857158e-01 -1.18395426e-04]
 [-4.89180180e-02 -2.60745828e-01 -3.86397703e-01  1.87932635e-02
  -6.39777796e-02 -4.06709207e-05  8.42651927e-01 -2.68483594e-02]
 [-5.28177574e-01  7.08426262e-01  4.25420411e-01 -2.44734264e-04
   1.47581502e-02  2.28422468e-05 -2.28571907e-01  5.11943956e-02]
 [-7.13274208e-01  7.08064208e-01  1.05862665e+00 -6.54125381e-02
  -8.11631294e-03 -4.19388683e-02  2.38613650e-02 -5.41348680e-05]
 [ 4.24157085e-07 -5.55805874e-02  2.83964049e-02  5.36299892e-03
  -7.40394567e-05 -1.35532201e-05 -7.68715782e-03 -3.41045328e-02]]
[-0.99575097  0.60020701 -0.58960924  0.63570816  0.82655831 -0.29303824
  1.07986694 -0.11442549  0.46185585  0.88205882 -0.49718468  0.35224756
  0.52810733 -0.49039817]
[[ 6.44969148e-01  5.88996838e-01 -4.79826758e-01  6.88433663e-01
   5.46207736e-01 -4.44385209e-01  5.06204292e-01  2.34753120e-05
   7.82451652e-01 -1.82476603e-01 -1.00343643e+00  7.46070469e-01
   1.84154737e-01  1.65743867e-04]
 [-9.75738578e-01 -7.80563294e-01  2.61626355e-01  7.44201404e-02
   3.12031870e-01 -8.46000448e-03  3.67693195e-01 -6.67562993e-15
  -7.06731644e-01  1.00108271e+00 -4.23105605e-02 -6.50688561e-01
   8.87886892e-01 -1.72053056e-05]
 [ 3.97021754e-01 -1.15771061e-02 -5.55703279e-01 -1.00196023e+00
  -3.44133039e-01  6.61980486e-01 -6.87730750e-01  5.53419923e-08
   1.51077074e-01 -5.45303159e-01  4.16835033e-01 -1.07887222e-01
  -7.83885786e-01  9.49836717e-07]]
[-0.56693009  0.60040477 -0.14950805]
