[[ 4.23473773e-01 -8.19107033e-02  6.97602830e-01  4.94894575e-01]
 [ 6.43683682e-01  6.75065664e-01  2.01393860e-01 -7.81477803e-01]
 [-2.95478974e-02  9.78442796e-07 -6.31505276e-03 -3.36909698e-20]
 [ 2.10964646e-01 -6.14102774e-01  4.59019630e-01  1.02051381e-01]
 [ 9.40383170e-01  2.49190943e-01 -6.77366354e-01 -3.12348298e-01]
 [-6.24569625e-04  4.78107775e-06 -5.02401153e-03  6.35963459e-03]
 [-6.25561492e-17 -2.20530668e-11 -6.23735315e-20 -1.09176776e-02]
 [ 5.84474460e-01  4.76417608e-02 -5.46906009e-01 -7.58342104e-01]
 [-1.05041428e-01 -2.79792729e-01  1.77195991e-01  3.55029240e-01]
 [-2.86089971e-02 -7.39197515e-04 -4.08893041e-19 -4.82322924e-02]
 [-1.19051734e-05 -2.12282154e-04 -1.87197621e-12 -7.13785089e-13]
 [ 3.30217348e-01 -1.08770293e-01  6.07199619e-01  4.77211342e-01]
 [ 4.79223943e-01  8.27703616e-01 -7.06171075e-01 -8.50895051e-01]
 [-1.55083548e-02 -1.79091278e-01  2.43853022e-02 -3.85894509e-01]]
[-0.71906986  0.70811883 -0.29591864  0.05062214  0.39006932 -0.49007583
 -0.30688304  0.76735078 -0.52374541 -0.42230177 -0.51463488 -0.82976167
  0.84174159  0.47465443]
[[-4.48795505e-01  5.63975941e-01 -4.27464871e-21 -6.28634316e-01
   6.57484127e-01 -1.10802981e-02 -3.46867534e-05  8.37658038e-01
  -1.20229568e-02 -2.22584940e-07  1.63411206e-02 -3.09800617e-01
   7.11285525e-01 -1.73584078e-02]
 [-3.25343405e-01  2.21235429e-01  7.27017455e-04 -2.00719092e-01
   2.12651686e-01  1.25674082e-15 -4.92763649e-04  4.55793505e-01
   1.13207341e-19 -1.35362995e-11 -2.35710907e-02 -4.01823515e-01
   9.00492458e-02 -3.19970421e-13]
 [-2.93843633e-02 -1.12752379e-01  9.99339226e-10  2.30714148e-01
  -7.04762347e-02  1.00508418e-06  3.23759262e-03 -6.76742652e-04
  -8.99003856e-07 -2.89073044e-08  8.79974195e-03 -1.14898479e-01
  -1.33563047e-02  1.99774187e-03]
 [-4.49236102e-01 -8.83986730e-02 -3.59762462e-03 -5.38567338e-01
   6.94693886e-01  5.20422951e-10 -5.21046638e-03  7.54822814e-02
   1.35693161e-02  8.97688343e-03  4.87338250e-03 -2.24844885e-01
   6.35389135e-01  1.97577166e-08]
 [ 1.05594781e-02 -1.64753599e-02  1.03711144e-03  3.83116058e-04
   2.63430837e-05 -4.91892048e-03 -1.30643862e-03 -6.99205423e-03
  -2.91396856e-05  2.30004516e-02 -1.66814089e-16 -1.36578167e-02
  -6.35847031e-03  4.22446157e-09]
 [-3.33550621e-01  1.59606967e-02  1.65502584e-16 -3.22667313e-01
   1.55768110e-01 -2.27378015e-07 -1.33760353e-20  6.44322753e-01
  -2.22713327e-04 -9.90531317e-03  9.20428711e-05 -2.46669946e-01
   3.38096359e-01  5.79328306e-12]
 [-7.33019481e-17 -2.86157365e-02  1.20978624e-10 -5.41156525e-03
  -3.83156260e-10 -1.69395754e-03  1.22767688e-05  2.46656960e-02
  -1.16640974e-03 -7.58703565e-22 -1.26833837e-09 -9.52610904e-14
  -7.10288721e-12  9.87471634e-03]
 [-2.53869356e-01  1.39709085e-01 -3.60901134e-04  1.69800972e-01
  -2.16394077e-01  5.41226084e-19  1.54799426e-02  6.53616061e-02
   8.74164603e-03 -5.41066527e-04 -1.89624839e-17  5.09826616e-02
   1.95174596e-01 -1.73610310e-18]
 [-1.38440318e-01 -1.54131067e-02 -1.18222393e-07  2.59118759e-01
  -2.82747466e-01 -1.93847307e-19  1.82045699e-17  1.97111453e-02
   1.95346269e-06 -1.42830757e-11 -7.31516058e-04  9.46381997e-02
  -5.45665790e-02  1.06705592e-03]
 [ 5.63635914e-01 -1.04576163e-01 -8.85003713e-03 -1.62152418e-01
  -1.83429213e-01 -2.34533362e-02  2.52445445e-02 -7.26713535e-01
  -2.04464250e-02 -1.58508685e-02 -1.65812316e-02  4.95189270e-01
  -1.14542045e+00 -3.00389874e-09]
 [ 8.57672103e-01  3.67241173e-01 -1.11730001e-06  1.11243122e-01
   3.02446519e-01 -3.29654385e-03  1.50280908e-02  5.11103015e-01
  -2.50878079e-01  4.56359466e-04 -3.88156943e-22  3.22489812e-01
   2.00616170e-01 -2.73754515e-14]]
[ 0.11986769 -0.11666971  0.40954609 -0.21122732 -0.28700639  0.23620716
 -0.43126077  0.09504573  0.28690205 -0.11613583 -0.35322651]
[[ 5.36163477e-01  2.27117020e-01 -6.12672701e-03  3.06004810e-01
  -1.96634972e-04  6.33740763e-01  3.99441849e-19  2.31185489e-01
  -3.43570978e-06  2.00459955e-01 -9.82052234e-01]
 [ 2.81458068e-01 -1.20058254e+00  3.87720700e-02 -1.05648161e+00
   1.70875127e-02 -4.96217387e-01 -1.53208212e-04 -3.55582729e-01
   9.01333011e-02 -6.07601500e-01 -1.25154299e-01]
 [-7.38283475e-01  4.82932790e-02  6.76256154e-02 -4.54515901e-01
  -3.27589094e-02 -2.89712943e-01  1.53107949e-03  2.05848394e-01
  -9.49812549e-02  1.15049725e+00 -1.74690066e-01]]
[-0.04517435  0.14295602 -0.87142412]
