[[ 0.23400233  0.46448114 -0.18169046 -1.02006724]
 [ 0.91292487 -0.83703552  0.46820428  1.07709024]
 [ 0.77124784  0.60032112 -1.04011005 -1.06176582]
 [ 0.04108179  0.0236362  -0.6077499  -0.57499983]
 [ 0.41324034  0.71752045 -1.10962444  0.24183919]]
[ 1.05104845 -1.15333131  1.42181299  0.46979225 -0.31311588]
[[ 0.54906348 -1.2267044   1.117347   -0.7446324   1.17420772]
 [-0.24563245 -0.00604219  1.02716034  0.51893559 -0.44818289]
 [-0.79535198  0.72517445 -1.57061672  0.55235219  0.11317021]]
[ 0.18887961  0.43315065 -0.37568123]
