[[ 5.40400161e-01  6.12092116e-01 -7.80345325e-01 -1.24626571e+00]
 [-5.80233061e-02 -8.34790228e-02  6.61542533e-24 -4.24175774e-02]
 [ 3.66400843e-01 -4.81689105e-01 -4.94603053e-03 -4.52881713e-01]
 [ 1.32161447e-01  4.93555897e-01 -7.18462138e-01 -6.86895600e-01]
 [-5.14082728e-18 -1.63428628e-16 -4.31914244e-03  2.71342707e-02]]
[ 1.23755877 -0.05881441 -0.65559681  1.16490312 -0.69362742]
[[-9.16219110e-01  3.01611832e-02 -8.71283751e-02 -7.31732445e-03
   1.66488169e-02]
 [ 1.37821672e-01 -2.28128648e-25 -5.34259879e-01 -7.93470241e-01
   2.90261529e-02]
 [-2.95147507e-19 -1.90575842e-08  3.23206888e-06 -3.41801915e-06
   2.99396385e-09]
 [ 2.75028196e-24  3.35693245e-05 -1.80293700e-03 -6.88990704e-06
  -5.85058948e-07]
 [-9.56145669e-01 -3.11241901e-03 -1.88047575e-05 -1.28608130e-02
   3.20936505e-20]
 [-8.95840364e-04 -1.86744623e-05  1.72391426e-02  9.10136205e-03
   1.57960233e-02]
 [ 5.81423072e-01 -1.12363231e-09 -2.03934267e-04  6.67922951e-01
  -2.45708428e-05]
 [-1.19732566e-04 -1.36042372e-13  4.25198169e-04 -1.29131045e-02
   2.35433584e-07]
 [ 5.85287758e-01  1.39540266e-02 -4.81351274e-01  6.32947909e-01
  -2.52242369e-02]
 [ 8.01256222e-01 -2.42387288e-23  3.39483496e-01  2.49830775e-01
   4.64464404e-08]
 [-4.52234411e-05 -2.64183538e-03  5.98678523e-03 -2.15834421e-02
  -3.92244363e-25]
 [-1.68656540e-01 -1.05360808e-22  5.13685875e-01 -5.86344860e-09
  -3.04528356e-08]
 [ 2.16896044e-01  3.66591796e-26  5.25300320e-01 -6.64963539e-01
  -1.64220166e-02]
 [-1.14519086e+00  8.71804100e-04 -9.20664097e-02 -2.12099348e-02
   8.10211342e-05]]
[ 7.89765813e-01  1.12645231e+00 -4.52441839e-01 -1.98272042e-02
  7.80041310e-01 -1.98230369e-01 -6.68591954e-01 -3.56953229e-01
  1.35685549e-05  9.10232311e-03 -3.38281959e-02 -4.83586190e-02
  4.46125374e-01  1.19569614e+00]
[[-5.33959518e-01 -8.50951012e-01 -3.73483225e-02 -5.09537205e-04
  -7.64696137e-01  3.72983063e-05  1.00114547e+00 -6.58967202e-07
   4.59811217e-01  5.28198365e-01 -7.73694287e-17  1.93972249e-01
  -2.77684017e-01 -7.64274244e-01]
 [-1.05627103e+00  1.25749473e+00  6.16063700e-09 -5.29923383e-04
  -1.01582943e+00  1.99108948e-03 -8.16425035e-01  2.61468537e-04
   1.06606609e-01  6.74118722e-01 -1.54732629e-03  3.85469098e-01
   4.53997992e-01 -1.23098656e+00]
 [ 2.27440304e-01  9.78333837e-01 -3.24048556e-04 -9.94361069e-08
   1.34366661e+00 -1.05254127e-02 -3.53723265e-01 -7.79859921e-03
  -5.92901755e-01 -1.32902390e+00  1.30136851e-21  1.25555586e-02
  -4.29380666e-01  4.32757810e-01]]
[-0.60599919  0.40083631  0.07634498]
