[[-2.34776137e-01  4.91086169e-02  8.50382934e-01  1.16518407e+00]
 [-8.21194305e-02 -1.03042821e-02  4.95310967e-01  8.60651591e-01]
 [-1.95517177e-01 -1.69929418e-02 -1.76765158e-02  2.31125903e-01]
 [-2.29704032e-27  2.49415404e-12 -4.97892086e-04 -5.44229683e-13]
 [ 1.79077915e-01  8.66184657e-01 -9.11446200e-01 -9.44527324e-01]
 [ 4.35907470e-01  3.23201009e-01  5.10822908e-01  2.63170816e-01]
 [ 2.31692316e-01  8.30568030e-01 -8.82776060e-01 -9.06013313e-01]
 [ 6.28521264e-01  7.81286405e-01 -6.84281680e-01  9.38945545e-02]
 [ 4.13414768e-01  8.05140406e-01  1.74734002e-02 -5.38198233e-01]
 [-8.04086572e-04  9.16864118e-11 -1.73218977e-07 -3.67094664e-19]
 [-6.57531882e-05  2.42869288e-39  5.20650556e-05  2.87098952e-38]]
[-1.16149179 -0.54389968  0.41502002 -0.35038745  0.99612637 -0.58100457
  0.67924036  1.22072504 -0.35808517 -0.4641742  -0.49372395]
[[-1.00061303e+00 -8.65528065e-01 -1.54090082e-15 -2.60590689e-42
   1.00215146e+00 -1.59435916e-02  9.73767878e-01  5.13738878e-01
   3.43743795e-01 -7.47617958e-40 -1.76976002e-09]
 [-1.80992095e+00 -1.14658611e+00  4.77274047e-05  3.14419603e-10
  -1.01453977e+00  2.42271727e-01 -1.01946981e+00  1.35771305e+00
   7.07027430e-01  5.81960676e-09  9.04337520e-41]
 [-4.00571499e-06 -8.14554615e-26 -1.06039461e-10 -1.92710398e-31
  -6.77964137e-24 -1.64715111e-05  1.34874538e-09 -3.46164982e-05
  -1.08225417e-05 -1.00184218e-12 -1.40523380e-12]
 [ 2.13342613e-30 -8.26443207e-39 -9.18661154e-05 -2.94515650e-10
  -2.04275464e-06 -7.08650724e-05  5.97141323e-32  8.19602367e-35
  -7.64277534e-08  2.41685126e-33 -2.65572278e-05]
 [-1.02011862e-05 -2.65275101e-14 -3.28539260e-07  4.60182534e-06
  -1.19292674e-08  1.65105617e-39  4.21927547e-13 -3.32783678e-39
  -8.55390045e-13 -1.23344670e-25 -3.49077936e-08]
 [ 1.25402697e-01 -2.54301219e-01 -3.79256192e-06 -1.60120159e-08
  -1.00215320e-28  1.89220797e-01 -1.67769865e-23 -9.12481499e-02
  -4.27425893e-01 -5.67078922e-17 -4.36155259e-36]
 [-1.04856172e+00 -4.30319163e-01  3.15707941e-37 -1.71614616e-22
   4.90903573e-01 -1.94890401e-01  7.62361111e-01  7.56594977e-01
   6.53719323e-01 -1.16142994e-32 -2.65007683e-10]
 [-2.58234451e-02 -2.82557544e-02 -2.42632245e-16  2.45137206e-32
   2.51552504e-40 -2.92212393e-02  2.17350151e-02 -2.76849655e-02
  -2.72593693e-02  4.75791783e-15  6.11084503e-36]
 [-7.18190276e-01 -7.47589016e-01  1.22121741e-31  8.81716372e-37
   1.00224132e+00  1.84998553e-01  9.79784621e-01  4.10852582e-01
   1.99218614e-01  1.79747653e-28  2.07600836e-28]
 [-1.65684733e-02 -1.83666410e-02  1.77561216e-15 -1.94442990e-28
  -9.80074900e-08 -2.17472298e-02  3.19376631e-07 -5.53406634e-02
  -8.61473182e-02  1.96912358e-09 -2.63069093e-05]
 [-2.28673138e-01  9.19574111e-02  2.06572662e-06 -6.61418790e-43
  -1.80131949e-08 -1.40527744e-02 -3.19584808e-33 -7.60122883e-03
  -2.03441989e-01  9.83907796e-06  1.60788223e-14]
 [-4.24465948e-02 -9.48663232e-03 -1.05364336e-12 -8.84755840e-05
  -6.42434387e-05 -6.14184206e-02  6.83964095e-24 -9.94784696e-03
  -1.70514950e-02  6.22065278e-09 -2.72022349e-39]
 [-1.07121774e-02 -8.60864859e-02 -2.62766183e-07  1.94991796e-38
  -3.18927926e-16 -2.85440164e-02  1.38911690e-05 -3.55550125e-01
   2.37571721e-01  9.35093888e-44  1.02055117e-07]
 [-1.90013417e-02 -1.32297449e-02  4.27491185e-13  8.00688747e-11
  -7.37754870e-17 -2.02863849e-02 -4.34020651e-31 -3.74612773e-02
  -1.07167075e-01 -2.46204956e-07 -8.98935298e-37]]
[ 0.48154456  1.19831382 -0.32059619 -0.11201107 -0.12637659  0.37591739
  0.94109714  0.01665815 -0.2506059   0.23360645  0.43573705  0.2533086
  0.37490145  0.21514886]
[[ 4.42934820e-01 -5.56545587e-01  1.80544987e-05 -4.60418282e-18
  -4.91546879e-06  2.19125095e-02  6.39735666e-01 -2.11205578e-02
   5.74386571e-01  1.42718126e-05  1.44063506e-09  3.11103281e-05
   2.92458028e-01 -8.57233364e-06]
 [-8.64977599e-01  5.25410728e-01 -2.74968469e-06  1.83411625e-08
  -1.17999061e-09 -2.01512696e-01  8.27312354e-01  2.04777569e-02
   2.28059605e-01  4.59823429e-06  1.21183982e-07  9.72707769e-09
  -4.21973124e-01 -1.04183962e-04]
 [ 3.84618816e-02 -7.13685966e-01 -5.01373637e-04 -3.73540354e-39
  -1.22442629e-14 -1.18129092e-01 -1.23919645e+00  1.98940153e-02
   2.99473137e-01 -2.65714656e-11  1.41073019e-12  3.86191253e-07
   2.82675745e-01 -3.98581687e-18]]
[-1.24017918 -0.83698282  1.26413202]
