[[ 7.71065970e-01  2.34258953e-01  6.50766132e-01  8.61152775e-02]
 [-8.30345160e-02 -1.98981020e-02 -1.23041353e-02  5.28348291e-02]
 [-3.67283022e-01 -5.35437577e-01  7.13729106e-01  1.15822027e+00]
 [-4.02606295e-01 -4.60267642e-03  5.16299467e-01 -4.21474138e-01]
 [-1.99659046e-02 -8.34943192e-02 -7.85255423e-02  1.71571826e-01]
 [ 1.93937772e-01 -6.99092809e-01  8.33556035e-01  6.58944961e-01]
 [-3.21610799e-02 -2.18681947e-02 -2.02310412e-02 -6.03157588e-03]
 [-2.21391742e-02 -2.27471956e-21 -1.37065576e-22 -4.06265255e-05]
 [ 5.11127316e-01 -1.86297580e-01 -1.72334563e-01  9.49304810e-02]
 [ 6.49835091e-05 -4.88864374e-07 -1.06800628e-02  2.09692357e-02]
 [-2.71030989e-01  3.79306993e-01  3.16209061e-01 -1.83521381e-02]]
[ 0.58390053  0.12744484 -0.68277521  0.29622403  0.02984089 -0.06226015
  0.02189214  0.02371501 -0.27594236 -0.35100302  0.37739171]
[[ 7.98789335e-01  4.78395086e-02 -7.11161996e-01 -3.71580151e-02
  -1.34556370e-06 -1.63405071e-01 -3.15322484e-02  1.23171261e-02
   2.22887045e-01  5.56037367e-07  1.13686959e-02]
 [ 4.05839681e-01  5.38530969e-02  7.70265660e-01 -5.01339284e-02
  -3.94247154e-02 -1.16392098e-01 -7.35559295e-07 -5.65501765e-04
   2.53146117e-01  5.82511915e-24  1.85177614e-01]
 [ 2.62318582e-01 -7.96344348e-09 -4.81734856e-01  6.61969777e-03
  -7.55864767e-03 -1.22223854e+00 -3.22026073e-02 -3.55002835e-05
   6.98532291e-01  1.89273512e-22 -2.41920851e-01]
 [ 2.80921915e-01  1.52698075e-02  1.31721883e+00 -1.29628654e-24
  -1.55537349e-13  4.79219468e-01  2.69918984e-06  6.10876874e-05
  -3.42084940e-01 -3.87522541e-02 -3.78923434e-01]
 [-1.08190998e-01  5.75489371e-07  1.32710816e+00 -5.76559282e-03
  -2.82249304e-11  3.09362924e-01  1.02173755e-05  4.84405128e-02
   2.96292020e-01 -3.86481365e-02  3.42941959e-01]]
[ 0.32126428  0.19804981  0.59982679 -0.87380808 -0.47264838]
[[ 0.33956321 -0.48953808  1.13834712 -0.75241713 -0.70347057]
 [ 0.4690974  -0.18313356 -1.38256877  0.19864805 -0.62614497]
 [-0.79633734  0.17072097  0.24557035  1.23612629  0.87777235]]
[-0.26993199  0.03196317  0.10589424]
