(8,)
[[-5.11433128e-01 -5.15547427e-01 -3.59161818e-01  3.31014570e-01
  -1.18606278e-01 -2.08288556e-01  4.61016387e-01  8.44871833e-01]
 [-6.51894639e-01 -1.70760495e-01  8.07103049e-02  1.03132041e+00
   7.61396127e-03 -1.11696165e-01 -9.23552419e-01  3.77521379e-01]
 [ 9.41988606e-01  9.00186759e-01  3.91518948e-01 -1.15762648e+00
  -1.18961728e-02  2.07734585e-01  5.72454393e-01 -4.23551496e-01]
 [ 1.35248854e+00  8.73196502e-01  3.88482997e-01 -9.00379225e-01
  -1.12189089e-03 -3.42090039e-01  1.11241412e+00 -2.65705482e-01]]
[-0.79985847 -0.46241949 -0.15155379  1.05867408  0.49654406  0.63944865
 -0.34683909  1.093202  ]
[[-5.68028262e-01 -1.09285018e+00  1.34176237e+00]
 [-8.96056772e-01 -3.69312128e-01  1.04061530e+00]
 [ 1.99068067e-01 -1.77146167e-01  3.46618998e-01]
 [ 1.23874704e+00 -1.15985878e+00 -1.86727050e-01]
 [-7.78850430e-03 -6.31268460e-04 -1.71064133e-04]
 [ 4.91384339e-14 -6.98165994e-02  1.85852701e-02]
 [-6.97972696e-01 -5.25372624e-01  3.39831498e-01]
 [-3.67641620e-01  3.49136533e-01 -1.34279729e+00]]
[-0.43942646  0.31471864 -0.05466983]
