(5, 8)
[[-1.11078418e-01  8.42688157e-02 -1.34504932e-01 -2.12249704e-04
   5.50987593e-01]
 [-2.07153158e-02 -3.16462735e-01 -1.46769869e-01 -7.98159763e-02
   4.41680666e-01]
 [-1.86778597e-02  8.43127040e-01 -4.71252018e-02 -7.83866700e-15
  -1.32623740e-01]
 [-1.94075355e-04  1.13615155e+00  2.58813390e-01  3.60396796e-02
  -1.02785404e+00]]
[ 0.38169825 -0.8554339   0.53628552  0.05262717  0.30813815]
[[-2.67826085e-02 -1.35557011e-13 -1.47088883e-05 -1.61879487e-02
  -1.01212092e-01 -1.49493708e-03  3.60353000e-10 -8.32434228e-02]
 [-2.20898527e-01 -1.10854438e-01 -4.45483592e-01  6.60742953e-01
   1.22418365e-20  9.10987121e-01  1.12729729e+00 -8.17917481e-01]
 [-1.02269721e-04 -2.12672682e-10 -1.83604638e-05 -3.75210088e-02
   1.19537563e-02 -4.34600370e-02 -3.09326792e-02 -3.01209993e-02]
 [-1.93078279e-03  1.09153016e-03 -5.95029973e-03 -1.07150211e-01
   2.91231748e-02 -9.58024189e-07  4.48365868e-15 -8.05524824e-02]
 [ 6.16465593e-01  1.58326954e-04  1.25798833e+00 -7.29728844e-01
   1.32759841e-05  5.30499346e-02 -4.28562351e-01  9.34158503e-01]]
[ 0.7539517  -0.26160508  0.48245765  0.42746213 -0.63336895 -0.091773
 -0.5757357  -0.15462937]
[[ 7.83540653e-01  9.76719444e-01 -3.51850830e-01]
 [-9.30625870e-19  1.17489556e-01 -4.64332090e-18]
 [ 1.05998414e+00  1.04887893e+00 -6.07418579e-01]
 [-9.00168250e-01 -6.70919459e-01  5.76785326e-01]
 [ 3.90525943e-02  1.97232595e-06 -4.73829263e-02]
 [-8.89994923e-01  4.43611524e-01  4.99328897e-01]
 [ 3.06004624e-01  3.17082302e-02  9.67675269e-01]
 [ 6.55523105e-01 -1.26809617e+00  1.00101176e-01]]
[ 0.17069529  0.60511362 -0.2817487 ]
