(10,)
[[ 1.04250306e+00  4.98846397e-01  6.85188788e-01  9.14761334e-01
   3.82733749e-01  1.14911337e-23 -3.64268352e-01 -5.73310839e-02
   5.08353437e-01  3.10075519e-18]
 [ 4.24517274e-01 -8.78928943e-01 -5.37638274e-01 -1.14415457e+00
   3.80573534e-01 -3.29032601e-04 -8.20968618e-01 -4.28410150e-02
   7.53885322e-01 -3.99536532e-04]
 [-7.72870774e-01  4.93702962e-01 -5.66246362e-01  6.10176834e-01
  -5.49071224e-01 -6.47851946e-05  8.00815098e-01 -2.20052585e-02
  -6.37702258e-01 -1.59446829e-09]
 [-5.53254850e-01  1.43788655e+00  2.39644244e-01  2.63055202e-02
  -5.22494577e-01 -1.27661756e-02  1.29257626e+00  1.09220927e-01
  -1.41608562e-01 -3.94639475e-03]]
[ 0.29237626 -1.60330708 -0.22595751 -1.15911955 -0.47345019 -0.03984541
 -0.35743653 -0.04696787  0.37866163 -0.60145929]
[[ 8.16634319e-01  7.16291072e-01 -6.38049854e-01]
 [-1.03084816e+00 -8.16802544e-01  4.49924719e-01]
 [ 7.37728953e-01  7.54241970e-01 -9.54517774e-01]
 [-8.89768190e-01  8.40800184e-01  8.11278009e-01]
 [ 8.93030707e-02 -1.05644072e+00  1.53333318e-01]
 [ 1.17075712e-04 -2.65670578e-04  2.58100942e-04]
 [-2.55353740e-01 -1.05692733e+00  4.14756594e-01]
 [ 5.25699832e-20  2.00513302e-02  3.91153775e-06]
 [ 3.10410735e-01 -3.17433687e-01 -9.44733310e-01]
 [-5.75830216e-04  1.46811315e-08  9.30225343e-04]]
[-0.10780136 -0.09163574  0.17081962]
