(14, 11)
[[-7.46480906e-03  5.25514139e-01  3.24940543e-01  2.29250955e-01
  -1.93309102e-02 -5.66409241e-01  7.26500664e-01  1.32384206e-01
   2.34149849e-01  2.39404263e-01  3.55806855e-01  5.98750954e-01
   2.72011835e-01 -7.64953853e-02]
 [-2.11183843e-02 -4.66882653e-01  3.68958952e-01  3.15856905e-01
  -1.47197619e-02 -3.37618978e-01  5.93579240e-02 -2.95086166e-01
  -5.40015994e-01 -4.01030444e-01  3.17565409e-01  3.01220253e-01
   2.41903056e-01  5.93001940e-19]
 [-1.69911172e-12 -3.49527490e-02 -7.38983486e-02 -3.76783587e-01
  -9.23993048e-03  9.06712680e-01 -4.43581671e-01  2.17463165e-01
  -1.93254463e-01  3.58884206e-01 -5.07994513e-01 -7.08929094e-01
   2.13455795e-02  4.11505903e-02]
 [ 7.33977712e-05  4.18581141e-01  2.46171194e-01 -4.75576073e-01
  -2.34851661e-02  7.29841649e-01 -1.98562798e-01  5.16257791e-01
   3.52163556e-01  5.10606355e-01 -7.28568285e-01 -4.72948744e-01
   3.33964300e-01 -7.23136525e-17]]
[-0.01264663 -0.58885673  0.5912915   0.65963739  0.01325194 -0.42184722
  0.08597369  0.53833697 -0.04408132 -0.28056941 -0.13149819  0.25082954
  0.30943663 -0.09075948]
[[ 4.30750480e-03 -1.89717129e-03 -1.91690300e-03 -4.88753407e-07
   6.29176992e-03 -2.25052915e-02  2.78933392e-04  1.12891531e-02
   1.95154044e-05 -1.63334614e-02  1.02897497e-02]
 [ 6.11063264e-01  4.15558084e-01 -3.92627312e-02 -4.44856560e-02
   4.34383304e-01 -2.66740387e-01  7.80648516e-01 -3.45599525e-01
  -5.91972868e-19  3.10101417e-02 -3.44905364e-01]
 [-5.37966765e-01  6.03972054e-02  1.04413162e-01  1.06621597e-01
   1.25345484e-01  1.25515368e-01  2.76508602e-01  3.06009356e-01
  -3.34434995e-02  6.53810593e-06 -7.51755599e-02]
 [-4.29595960e-01 -4.17407841e-01  8.18065090e-03 -4.13314022e-01
  -4.29407765e-01  4.13739904e-01  3.49765840e-01  4.08043289e-01
   2.23383178e-06  5.24613047e-14 -1.96450794e-03]
 [-3.69551026e-03  2.91372016e-14 -4.31809610e-02 -1.09253100e-09
  -1.42014606e-02 -7.10539899e-12 -2.00030553e-09 -3.46926049e-02
  -2.56290739e-02 -4.07422599e-15 -1.55607632e-02]
 [ 6.31633392e-01  7.83334187e-01  4.77817674e-13  6.81840270e-01
   6.44370827e-01 -1.41732848e-01 -7.41753097e-01 -2.56235573e-01
   1.50431858e-12 -2.05541331e-02 -2.21524886e-05]
 [-8.98187434e-02 -4.31560893e-01 -2.70454221e-02 -3.82851754e-01
  -3.74460874e-01  2.44990716e-01  8.43449938e-01  6.57886549e-01
   4.51288512e-04 -8.40571340e-03  4.99268969e-02]
 [ 3.08746914e-01 -1.81368115e-01  9.28771975e-02  5.20465084e-01
   2.26768345e-01 -1.96853750e-01  6.00489678e-01 -3.78644689e-01
   4.50027074e-05 -2.03646700e-02  1.11758511e-15]
 [ 1.16962066e-01  4.70986007e-01 -1.40294195e-16 -3.12073795e-01
  -4.59411813e-01  2.91093588e-14  4.96630321e-03 -2.62457942e-02
  -1.00069100e-15  2.32565228e-10 -2.08030912e-05]
 [ 6.38299651e-01  3.71232260e-01 -1.94343938e-02  6.68773084e-01
  -1.68736757e-01 -5.68878442e-01  5.77997344e-01 -3.79999823e-01
  -9.46477351e-11 -3.00168503e-07 -4.23685156e-01]
 [-9.82782620e-02 -8.41644281e-02  4.33210086e-16 -2.83774662e-03
  -1.49117835e-01  4.69791418e-01 -4.10885315e-01  8.27736168e-01
   2.06878754e-03  6.39605691e-04 -2.32220009e-01]
 [-3.85885730e-01 -3.50160035e-01  3.91402662e-15 -1.05544832e+00
  -5.23555949e-01  4.06191659e-01 -5.14167414e-02  7.84838837e-01
   1.05768211e-03 -4.84441040e-04  2.36444977e-01]
 [ 1.69036348e-01  1.20005110e-01 -6.77765182e-02  9.95988100e-04
   2.03535043e-01 -1.54697230e-02  8.89539264e-02 -3.87238543e-01
   1.61232185e-15 -2.76426238e-02 -2.35847301e-01]
 [ 4.82311672e-13 -3.40687562e-02 -6.08320862e-06 -2.14693809e-17
  -1.40915384e-07  4.22960709e-07  1.39407449e-06  1.30533357e-02
  -3.18251313e-15 -2.68347011e-15 -1.11146566e-02]]
[-0.14231239 -0.26410364 -0.38082998 -0.5514198  -0.31279017  0.26344296
  0.25275639 -0.2649618  -0.29632196 -0.27709736  0.34541343]
[[-6.20818471e-01 -4.57745242e-01  7.09167669e-01]
 [ 4.17886397e-01 -6.83185479e-01  4.12168483e-01]
 [ 5.15255458e-02 -1.20359564e-04 -4.47761376e-04]
 [-5.61584253e-01 -9.93891090e-01  7.77433380e-01]
 [ 5.34723126e-01  2.66904767e-01  1.25384410e+00]
 [ 6.93213039e-01 -8.99620891e-01 -2.85469893e-01]
 [-5.18114676e-01  4.80407503e-01 -3.69883157e-01]
 [ 4.56619266e-01 -4.79597457e-01 -3.37310043e-01]
 [-1.56345693e-05  1.18377796e-01  5.54712549e-02]
 [-1.07577353e-01 -3.39215427e-02  1.77593230e-06]
 [-3.87715453e-01 -5.01880763e-01  8.15905390e-02]]
[ 0.49360304  0.10911611 -0.47515238]
