(6,)
[[-0.50422688  0.15765124  0.5464963   0.94445913 -0.1514565   0.04213477]
 [ 0.41290887  0.4492048   1.16385574  0.61772903  0.17157476 -0.65225125]
 [ 0.85092617  0.19716715 -0.96159996 -1.11222317 -0.1718317   1.58380277]
 [ 0.62976104 -0.08766066 -0.42276202 -1.12076754 -0.00209481  1.40992121]]
[-0.06821435 -0.51477864  1.37689591  1.34120165  0.15050725 -0.3377991 ]
[[-1.43954482e+00 -5.85282369e-01  1.24846454e-01]
 [ 1.99756287e-01 -7.75628512e-01  2.89564992e-01]
 [ 3.09997945e-01  1.39579503e-01 -1.71238542e+00]
 [ 1.12321172e+00  9.00640628e-01 -1.07956083e+00]
 [ 4.92404427e-21  1.39947890e-03 -1.42765345e-05]
 [-6.94786210e-01  3.83437502e-01  8.23796374e-01]]
[ 0.38850962 -0.30991469 -0.28319128]
