(5, 11)
[[ 6.55048804e-02  4.92657787e-01 -3.58730468e-03 -2.07289193e-01
   1.09569676e+00]
 [ 1.94462827e-01  7.36097916e-01 -5.91328550e-02  1.59184702e-01
   1.11190866e-01]
 [ 3.97456671e-01 -8.10181260e-01 -2.05651488e-12  1.00369182e+00
  -1.02915904e+00]
 [ 6.99260733e-01 -3.83852754e-01 -6.66387999e-02  1.35714443e+00
  -9.68407907e-02]]
[ 0.08772345  1.02869231 -0.20933805 -1.04590235  0.23916152]
[[-8.78820365e-02 -1.18755359e-01  6.04535207e-01  3.70526896e-01
  -6.81735336e-05 -1.05330008e-02  2.77323516e-01 -9.05426967e-02
   2.67909481e-01  1.06266218e-12  3.47521769e-01]
 [-1.09519099e-01  7.07991158e-01 -8.67521513e-02 -5.69201117e-01
   2.55115686e-03  5.17629592e-12  7.19089889e-01 -9.76285551e-02
  -6.46984203e-01  1.40959375e-02 -6.33452421e-01]
 [-1.67914257e-05  9.71229261e-02  6.65361435e-02 -1.59089795e-02
   2.30113015e-05 -1.07152302e-07  4.54842817e-18 -1.17040247e-18
  -2.68254198e-10 -2.03579305e-06 -3.24072558e-04]
 [-1.67685426e-02 -1.52012402e-01  6.13918993e-02  2.96099556e-01
  -1.46260919e-04 -1.01315765e-01 -1.08472306e+00  5.56596729e-03
   6.09204437e-01 -1.81407409e-19  4.38919252e-01]
 [ 2.27252168e-04  5.94567131e-01 -1.78493633e-01 -5.38882571e-01
  -7.02624813e-04 -4.08239580e-07  6.67505161e-01 -2.02365306e-02
  -7.06256931e-01 -1.30901522e-02 -4.11803532e-01]]
[-0.39444007  0.87999589  1.10606572 -0.18110466 -0.56155351 -0.29508487
  0.02661248  0.35638257 -0.15922198 -0.1987778   0.1239778 ]
[[ 8.12759826e-02  9.86378775e-02  1.58266732e-02]
 [ 3.05924163e-01  7.13084119e-01 -9.41443360e-01]
 [-2.94348357e-01  9.41996562e-01  2.39670255e-01]
 [-1.00679269e-01 -6.70146047e-01  7.92668459e-01]
 [-2.98985665e-02 -5.70039219e-03 -3.43229541e-05]
 [ 3.22545776e-03  8.20886809e-18 -1.33022246e-02]
 [ 3.47945420e-01 -1.09761672e+00 -6.91676138e-01]
 [ 3.87601167e-03  4.56984239e-04  1.11046119e-15]
 [-5.10024269e-01 -6.83431180e-01  6.63746328e-01]
 [ 3.44522221e-08 -4.39234624e-02  7.70536693e-05]
 [-9.86787777e-01 -3.82554425e-01  9.60914911e-01]]
[-3.76239193e-01  2.87517304e-02  2.26058104e-04]
