(14, 8)
[[ 4.50820238e-01  5.02325127e-01 -3.08655146e-01  5.56723414e-01
  -2.80446745e-01  4.35771664e-02  2.48999731e-01 -4.70045363e-01
  -1.05741173e-01  6.50721245e-01 -3.96599953e-01 -1.39016239e-01
   4.09341738e-02  4.55259485e-01]
 [ 4.90346792e-02  6.49850469e-01  5.37326456e-01  5.00774135e-01
   2.17164229e-01 -2.93211273e-01  2.54358551e-01  3.07342297e-02
   4.87776860e-01 -1.88967052e-01 -1.51244081e-01 -1.14885863e-01
  -9.33857315e-02  7.05952837e-01]
 [-7.03742326e-01 -3.40125649e-01 -3.69197737e-01 -6.51796227e-01
   7.82237452e-01  5.66723516e-01  2.49451446e-01  2.63930419e-01
   7.00248725e-03  4.22791890e-01  7.56908708e-01 -5.62436832e-12
  -4.29042797e-02  1.19323321e-01]
 [ 1.80485904e-01 -8.47154084e-01 -3.70526647e-01 -7.50576957e-01
   9.01964433e-01  4.37687728e-02  5.54790585e-01  2.45022240e-01
  -4.87688662e-01  3.74378878e-01  7.11441369e-02 -6.31285417e-02
   2.72730740e-08 -5.88326664e-01]]
[ 0.62544213  0.90842304  0.26006644 -0.05915546 -0.5232131  -0.10761857
  0.18192293  0.48578369  0.47180445  0.37119473 -0.57513158 -0.01878849
 -0.41433073 -0.1848209 ]
[[ 1.24257468e-01  6.52389882e-01 -5.06513112e-01 -2.04584975e-02
   4.60016909e-01 -5.66013801e-01 -4.66251290e-01  2.57828606e-06]
 [ 6.24314739e-01  7.74760314e-01 -4.51700482e-01 -6.40236763e-02
   7.68228173e-02 -7.27066048e-01 -8.14691488e-02 -7.89916103e-02]
 [-2.69536777e-01  5.34025443e-01 -9.82638478e-02  9.31771195e-05
  -3.27318025e-01 -9.32419671e-02  2.06620825e-01  2.10872376e-04]
 [ 3.25101486e-01  7.22247025e-01 -3.40560437e-01  1.08114412e-02
  -3.14095974e-02 -4.10624209e-01 -7.01580827e-01 -1.85542381e-02]
 [-5.71069702e-01 -1.71302418e-01  5.72028410e-01 -3.95797028e-13
  -5.36319538e-01  6.56235911e-01  3.64822269e-01 -3.09010943e-02]
 [-7.17324765e-01 -2.81015184e-01  4.69241837e-01 -2.70391443e-02
  -3.46995864e-02  2.48443246e-01  5.69326740e-01 -6.98283873e-03]
 [-1.71063167e-01  7.47977970e-02  3.22334199e-01 -9.84423804e-02
  -2.12258178e-01 -6.95603206e-02  1.57680515e-01 -9.21297607e-08]
 [-1.33149752e-02 -6.57995502e-02  9.89003784e-04 -2.62092382e-08
  -1.33174687e-02 -4.69846098e-01 -4.14225814e-01 -2.82327328e-03]
 [ 1.58814023e-01  1.68797707e-02 -5.76553340e-01  1.10788089e-02
  -2.97048721e-01 -2.37457716e-01 -4.69297219e-01  5.77942137e-02]
 [ 2.61773953e-01 -3.29760837e-02  3.19179317e-02 -2.94605798e-09
  -3.05017459e-01  2.57356730e-01  5.45645421e-01  8.13357364e-05]
 [-4.37676416e-01 -7.83451163e-01  5.17075698e-01  1.56802940e-02
   1.80203872e-02  9.30312450e-01 -3.12450210e-01 -1.62898959e-04]
 [-2.26960606e-05 -1.00141121e-03 -2.14710725e-02  8.70260851e-02
  -1.69560536e-04  6.98269316e-05  7.05820660e-04 -1.06551514e-02]
 [ 5.37316190e-02 -6.35351980e-02  6.44002365e-02 -1.40918476e-14
  -1.58278188e-02  3.75995457e-05 -4.59293980e-16  7.46196537e-02]
 [ 5.68451555e-01 -1.52657352e-01 -3.97627252e-01 -6.62963141e-02
   1.22343407e-01 -1.23806442e-02  3.32404757e-01 -2.51485818e-03]]
[ 0.00365506  0.60296295 -0.21270802 -0.40051268  0.39057042 -0.39054196
  0.45485135  0.20735373]
[[ 9.35781121e-01  5.04037144e-01 -8.94923310e-01]
 [-1.71306740e-01 -5.48999780e-01 -9.99815540e-01]
 [-3.33049812e-01 -5.38421482e-01  5.04222519e-01]
 [ 9.28731315e-05  5.79416309e-02  5.25287413e-07]
 [ 1.03194144e-01  6.55514884e-01 -4.72960990e-02]
 [-4.66329164e-01 -1.19427810e+00  3.30291696e-01]
 [-8.79132123e-01  3.82114599e-01  2.85875858e-01]
 [-2.43451544e-02  6.99665836e-16 -2.38712587e-01]]
[-0.5221888  -0.16082283 -0.2157367 ]
