(5,)
[[-0.02697209 -0.06844777 -0.26268371 -0.3213313   0.00597677]
 [ 0.30275524 -0.24671939 -0.14602249 -0.23562663 -0.11233943]
 [ 0.21845133  0.1870815  -0.03151741  0.05305092 -0.33934021]
 [-0.47083815 -0.03099344  0.09258704  0.13178447  0.3827957 ]]
[-0.97355496 -0.01468442 -0.66628091  0.09766977 -0.13865274]
[[ 3.52588075e-01  6.36168709e-01 -1.55210159e-01]
 [ 5.04620629e-01  7.39176667e-01  1.92396636e-01]
 [-6.45994485e-04  3.65221281e-01  1.12354137e-02]
 [ 4.55050633e-02 -1.02037208e-01 -1.44326555e-01]
 [-9.27297644e-03 -1.11255837e-10  3.39961849e-02]]
[0.06120295 0.01799854 0.07430453]
