(8, 14)
[[ 4.14215679e-01  1.02562633e+00  4.67166321e-01 -1.16986463e-01
   1.87934434e-01 -1.07808489e-01  4.15707785e-06 -4.21369767e-09]
 [ 6.84477930e-01  6.66103870e-01 -3.60894232e-01  5.23451137e-01
  -4.61930566e-01  2.90411859e-01 -3.79373389e-02 -1.59783497e-17]
 [-7.57172496e-01 -5.66644639e-01  6.60332723e-01  6.07410332e-01
   8.84312555e-01 -2.63260494e-01 -2.93236971e-02 -2.38602516e-03]
 [-6.79228332e-02 -1.13679203e+00  7.14302846e-01 -1.27076804e-01
  -2.11147793e-01  7.86967927e-02  1.49508376e-05 -3.69582622e-03]]
[-0.20133071  1.02387949 -0.5114831  -0.47606678 -0.24419708 -0.51785223
 -0.46375221 -0.02921073]
[[ 1.08433180e-22  2.68167359e-01  7.26611731e-11  4.57590759e-01
  -2.66102640e-01  3.43856355e-01 -9.27948554e-02  4.32723241e-03
   1.62676345e-01  3.52968712e-01  7.56193666e-01  6.08679667e-01
   6.85578066e-01  2.34451900e-01]
 [-5.39112704e-04 -5.74620286e-03 -3.43479269e-01  8.73082634e-01
   1.28691282e-01  1.89914703e-02  2.33961842e-01 -1.33147959e-10
   4.40644221e-01 -7.78268383e-02  8.32484897e-01  6.16959996e-01
   5.39206767e-01  4.93345384e-01]
 [ 4.21862851e-05  1.73709197e-02  2.79134215e-01 -3.87945489e-01
   5.02225761e-01  5.59577017e-01  6.52763423e-01 -1.34442591e-03
   2.36004450e-02 -3.76200830e-01 -6.12423819e-01 -4.70797644e-01
  -5.60847345e-01 -2.36423267e-01]
 [-7.75114585e-03 -4.53739786e-01 -1.20309362e-01 -4.90161048e-01
   2.99261354e-01 -1.25553462e-01  5.24576057e-01 -2.43983967e-02
   2.32021239e-01  2.40090307e-01 -3.18832415e-01 -6.04982462e-01
  -1.21379134e-01  2.40922116e-01]
 [ 4.35002715e-04  3.78039606e-01 -3.56861898e-02  6.17253279e-02
   3.65876003e-01  7.21470321e-01  3.74509928e-01 -2.88045084e-11
  -6.65181956e-01 -5.29832095e-01 -7.70604715e-01  3.94426222e-01
  -6.05159715e-01 -4.72728610e-01]
 [-1.44945880e-09  3.36978477e-04 -2.64079731e-04  2.58303748e-02
  -1.89085394e-06 -2.22709202e-18 -2.07801913e-02  1.46073487e-03
   4.06869697e-05 -2.81368687e-03 -5.11256689e-04 -2.64385999e-02
   1.63577023e-04 -7.91616512e-03]
 [ 2.62577315e-22 -3.65617563e-05 -2.05305315e-04 -1.72001557e-08
   2.63777122e-09 -1.21791289e-03  2.69559601e-09 -1.27197381e-07
  -4.56647371e-03  1.11266068e-04  2.76427944e-19  3.38325908e-07
  -9.71482709e-03  8.13340484e-11]
 [-3.29918671e-18  2.49472071e-06 -1.45741906e-02  9.86416755e-03
   5.46340644e-04 -2.49686156e-03 -8.44747301e-03 -9.32170411e-07
   3.19302967e-06 -3.92525761e-15 -1.89830591e-10 -3.00314284e-03
   5.48022927e-24  4.01826979e-05]]
[-0.11999469 -0.48323634 -0.23862404  0.15886596 -0.43085405 -0.12082407
 -0.46443083 -0.2133661  -0.13416497 -0.18039886  0.54326253  0.74933435
  0.64110371  0.52719865]
[[ 1.43723413e-03  3.02285301e-03  9.30791388e-07]
 [ 4.34407571e-01  5.39178742e-01 -1.66302981e-01]
 [-2.55508668e-04 -1.09614291e-02 -8.25548420e-03]
 [ 3.79359420e-01  1.35517928e+00 -1.53537776e+00]
 [-7.03732350e-01 -6.44082488e-01  2.71099794e-01]
 [-6.33853959e-01  3.99742612e-01  5.87064505e-02]
 [-4.55166660e-01 -5.93357112e-01 -2.26199195e-01]
 [-1.79944389e-08 -7.06252849e-06  3.96381956e-03]
 [ 6.33334876e-01  2.51426841e-01 -5.45018293e-01]
 [-2.03583813e-01  7.59353397e-02 -4.81454605e-01]
 [ 1.36853003e-01 -6.15376683e-01 -2.95578340e-01]
 [ 5.16065571e-01  6.51463571e-01 -6.95757246e-01]
 [ 7.37432923e-01 -9.60435216e-01 -2.33509097e-01]
 [ 6.02832202e-01  2.96538408e-01 -7.45679509e-01]]
[-0.61016922 -0.00649105 -0.59901264]
